27
10
10
28
28
30
5
30
27
13
6
27
16
2
17
4
33
30
34
27
27
19
6
45
29
7
11
4
1
27
34
57
35
6
25
46
6
30
26
26
47
9
27
36
15
24
2
10
65
48
14
12
35
34
32
20
8
23
8
67
2
60
60
34
2
20
12
21
37
5
32
39
6
44
6
6
25
30
3
3
7
7
62
12
28
6
20
20
9
65
10
52
52
30
7
30
24
10
8
52
8
11
14
14
50
43
40
24
24
33
11
30
40
34
49
6
4
15
6
43
7
4
63
12
51
1
49
4
27
58
50
45
45
45
9
32
32
29
2
4
53
43
19
39
28
17
13
1
13
8
